334 421 407 438
317 426 398 444
314 435 376 450
318 432 354 452
398 419 414 434
386 406 408 425
371 414 391 429
336 405 359 425
315 386 347 425
204 383 230 429
213 375 235 418
212 366 237 407
200 431 241 445
191 406 221 444
207 416 232 445
170 436 229 451
162 431 234 449
157 422 195 440
144 416 183 438
143 407 169 423
150 410 175 425
150 421 164 444
137 420 147 436
133 420 141 429
156 430 163 445
144 429 154 441
266 147 277 395
203 354 250 396
191 363 208 388
184 360 199 378
301 368 321 396
225 270 306 387
273 210 353 390
280 222 360 382
331 262 366 376
316 272 372 364
319 292 376 354
255 266 384 329
305 261 393 324
282 198 400 316
194 211 237 360
232 184 323 329
197 191 243 236
181 293 200 350
183 325 202 353
155 190 200 311
115 226 156 288
87 270 144 293
72 279 120 298
66 284 97 300
57 288 71 299
51 233 118 260
76 222 128 246
60 228 88 245
27 243 57 255
38 236 65 253
34 247 55 258
115 187 171 225
80 185 122 237
20 189 92 211
38 184 89 205
65 207 100 222
43 196 78 220
25 200 55 216
6 191 32 206
10 189 25 210
159 186 234 220
133 179 198 211
107 172 172 197
89 163 137 186
70 154 104 176
49 146 77 168
30 140 54 158
18 136 36 151
37 152 59 163
75 164 88 178
410 278 473 295
384 267 446 290
354 214 421 275
369 224 476 262
436 238 514 257
453 230 495 261
449 286 485 301
428 280 456 299
421 273 467 293
389 185 465 224
450 183 486 224
472 182 505 219
480 185 523 215
498 190 536 209
519 190 542 204
321 186 366 214
352 178 380 211
373 172 412 204
390 167 436 197
408 162 449 196
436 155 465 180
450 150 483 177
475 145 501 166
492 140 513 160
509 131 528 151
242 158 274 196
279 159 308 191
231 176 318 187
253 39 295 155
227 87 325 120
237 74 314 100
234 112 316 137
244 125 303 149
229 108 320 130