364 497 398 548
351 509 423 534
394 494 438 523
410 480 453 514
432 458 470 506
422 467 441 490
359 450 383 508
335 461 366 490
359 461 394 477
351 478 366 498
425 461 448 491
395 385 432 424
242 209 313 452
264 232 393 448
164 238 240 465
142 227 229 400
353 217 428 341
392 303 519 323
402 246 478 306
436 244 500 287
471 247 529 277
514 252 548 272
416 211 463 244
395 198 415 228
376 209 402 231
454 202 479 239
475 197 496 232
498 196 513 223
510 194 529 213
522 192 538 207
392 330 437 357
425 335 455 362
451 347 481 367
383 360 420 391
234 436 314 458
318 432 341 471
269 372 281 464
166 451 197 504
204 444 235 471
159 459 177 479
160 514 203 538
86 458 122 498
163 532 189 555
165 526 196 541
155 506 198 521
143 494 186 506
118 479 144 509
116 466 133 487
83 491 118 511
147 502 165 544
127 491 149 530
113 492 130 524
98 499 115 516
76 491 86 502
139 511 153 541
186 454 217 491
339 481 354 496
179 483 212 494
151 375 165 436
133 374 152 428
123 225 147 358
84 220 212 237
135 208 176 241
176 215 192 228
141 195 156 218
76 245 124 288
44 245 78 281
23 248 48 274
10 253 26 270
79 291 123 327
60 294 80 324
39 302 62 322
29 307 40 319
108 331 123 363
94 338 134 364
79 346 108 368
62 356 79 368
71 349 84 362
71 210 134 225
54 201 104 222
337 224 355 244
249 91 300 219
215 127 341 166
223 72 312 126
227 31 303 74
262 8 316 42
206 49 232 81
192 69 215 87
198 59 212 73
217 38 237 65
243 19 279 59
226 116 332 127
308 107 324 124
230 158 252 185
297 165 326 183
244 168 314 192
209 135 220 158
468 352 492 368
428 315 491 328
515 309 529 318
473 293 500 304
37 195 59 223
67 214 85 234
24 192 39 213
15 192 27 205