102 193 211 214
105 213 209 224
115 225 201 230
137 91 176 232
97 136 136 204
176 134 213 202
212 133 230 182
208 175 226 190
87 136 98 185
90 166 102 189
81 136 89 179
64 104 130 167
176 103 240 161
11 108 73 121
48 158 73 168
204 156 263 166
185 135 291 145
130 102 157 146
191 108 296 119
177 115 265 138
200 112 287 124
167 111 276 127
137 134 285 148
159 133 274 151
241 162 273 172
220 154 245 169
235 135 290 147
238 111 304 118
295 77 301 83
285 79 297 87
277 81 292 90
264 85 284 94
252 88 278 98
238 92 268 101
229 95 258 105
214 98 251 106
62 99 105 108
45 96 91 103
12 78 19 85
17 80 25 90
38 92 71 100
31 88 56 97
21 83 38 92
24 85 35 94
37 86 43 91
41 113 64 130
21 112 46 125
40 130 66 149
32 132 41 149
32 139 67 150
24 135 37 149
21 137 28 148
17 138 23 144
18 140 23 147
56 154 73 162
51 156 60 166
49 160 80 169
42 159 69 171
39 162 59 173
34 165 42 172
146 0 165 89
129 43 182 71
125 55 132 69
169 49 184 68
165 67 173 86
173 67 181 78
131 63 149 79
139 67 152 88
160 24 169 50
141 24 150 48
176 212 195 245
187 240 230 248
183 231 203 251
213 230 232 244
227 238 237 246
188 238 230 251
216 238 233 249
179 241 225 253
180 237 219 255
180 237 212 257
179 236 204 258
175 248 195 255
114 216 135 235
114 215 132 243
107 232 130 255
115 247 136 256
104 243 132 260
91 240 108 257
81 234 100 249
78 230 93 241
83 237 95 254
78 238 87 250
74 239 82 247
8 77 15 82